Complete Configuration Data
======================================================================
Index | B1_x B1_y | B2_x B2_y | g(1) | g(2)
----------------------------------------------------------------------
    0 |    4    1 |    9    8 |    8 |   28
    1 |    8    5 |    4   18 |    8 |   28
    2 |    3   19 |   14    2 |    8 |   28
    3 |    1    3 |    7    8 |    8 |   27
    4 |   17   20 |    1   18 |    8 |   28
    5 |    7   18 |   14    8 |    8 |   28
    6 |   15   19 |    9    1 |    8 |   28
    7 |    6   14 |   11    9 |    8 |   28
    8 |    5    7 |   11    4 |    8 |   28
    9 |    3   13 |    4   12 |    7 |   23
   10 |   12   20 |    9    2 |    8 |   28
   11 |   15   18 |    4   13 |    8 |   28
   12 |    3   18 |   10   20 |    8 |   28
   13 |   12   19 |    7    3 |    8 |   28
   14 |    2    8 |   10    3 |    8 |   28
   15 |    8    4 |   13    9 |    8 |   28
   16 |   15   12 |    6   12 |    8 |   28
   17 |   12    7 |    9    3 |    8 |   28
   18 |   20    6 |   18    8 |    8 |   28
   19 |    6   15 |   13    9 |    8 |   28
   20 |   18    8 |   11    2 |    8 |   28
   21 |    8    2 |   11   13 |    8 |   28
   22 |    9    3 |    7   19 |    8 |   28
   23 |   11    7 |   16   13 |    8 |   28
   24 |   15    5 |    9    5 |    8 |   28
   25 |    8   18 |   18    9 |    8 |   28
   26 |   19   14 |   19   13 |    7 |   23
   27 |   12    8 |    5   17 |    8 |   28
   28 |   16    3 |    2    4 |    8 |   28
   29 |    5    6 |   14   20 |    8 |   28
   30 |    3   13 |   13   20 |    8 |   28
   31 |   15   17 |    9   18 |    8 |   28
   32 |    1    4 |   18    9 |    8 |   28
   33 |   11    4 |   10   14 |    8 |   28
   34 |    6   15 |    1    9 |    8 |   28
   35 |   17    6 |   17    4 |    8 |   28
   36 |   10   17 |   20    7 |    8 |   28
   37 |    5   12 |    6   18 |    7 |   23
   38 |   17    1 |   20   11 |    8 |   28
   39 |   16    1 |    4   12 |    8 |   28
   40 |   10    8 |    2    8 |    8 |   28
   41 |   19    3 |    3   16 |    8 |   28
   42 |    3   18 |    5    5 |    8 |   28
   43 |   16   18 |    6    9 |    8 |   28
   44 |   17   20 |   14    7 |    8 |   28
   45 |   18    7 |   10   13 |    8 |   28
   46 |   12   15 |   17   15 |    8 |   28
   47 |    4    8 |    8    3 |    8 |   28
   48 |   11    1 |   19   18 |    8 |   28
   49 |    8   19 |    8    1 |    8 |   28
   50 |    3    2 |    8    3 |    8 |   28
   51 |    2   11 |    3   17 |    8 |   28
   52 |    8    9 |   16    7 |    8 |   28
   53 |   18    5 |   19   19 |    8 |   28
   54 |   16    8 |   16   14 |    8 |   28
   55 |    7    4 |    4   14 |    8 |   28
   56 |   12   14 |   14   15 |    8 |   28
   57 |    2    4 |    2   13 |    8 |   28
   58 |   11    4 |    8    7 |    8 |   28
   59 |    7   18 |   15    5 |    8 |   28
   60 |   14    6 |    9   15 |    8 |   28
   61 |    8    3 |   15   18 |    8 |   28
   62 |    4    2 |   18    1 |    8 |   28
   63 |    3    8 |    6   14 |    7 |   23
   64 |   16   16 |    7   13 |    8 |   28
   65 |    2    6 |   13    1 |    8 |   28
   66 |   13    9 |   15   10 |    8 |   28
   67 |   14   18 |   16    5 |    8 |   28
   68 |    7   10 |    7    2 |    8 |   27
   69 |   19   18 |    2   11 |    8 |   28
   70 |    2    2 |   19   16 |    8 |   28
   71 |   17   17 |    6    2 |    8 |   28
   72 |   17    3 |    6    3 |    8 |   28
   73 |   20    3 |    8   13 |    8 |   28
   74 |    4   19 |    8   19 |    8 |   28
   75 |   20    2 |   20    3 |    7 |   23
   76 |   14   19 |   19   17 |    8 |   28
   77 |   11    9 |    7   11 |    8 |   28
   78 |    8    9 |   13    5 |    8 |   28
   79 |   10   15 |   11    3 |    8 |   28
   80 |    1   15 |   20   19 |    8 |   28
   81 |    4    3 |   18    7 |    8 |   28
   82 |   17    9 |    5   12 |    8 |   28
   83 |    3    8 |   12   10 |    8 |   28
   84 |    6   15 |   18   10 |    8 |   28
   85 |   20   17 |    1   18 |    8 |   28
   86 |   10    4 |    5    9 |    8 |   28
   87 |    4    4 |   18    5 |    8 |   28
   88 |    9   10 |   20    7 |    8 |   28
   89 |   11    7 |    9   17 |    8 |   28
   90 |   16    9 |    2    3 |    8 |   27
   91 |   14    9 |    2    1 |    8 |   28
   92 |   11    5 |    9    6 |    8 |   28
   93 |   15   18 |   14   18 |    7 |   23
   94 |    1    4 |    3    5 |    8 |   28
   95 |   18    2 |   12   19 |    8 |   28
   96 |   18    5 |   14    5 |    8 |   28
   97 |    2   10 |   12    2 |    8 |   28
   98 |   12    7 |    8    4 |    7 |   23
   99 |   12   18 |   14   20 |    8 |   28
  100 |    5    8 |    6    6 |    8 |   28
  101 |   14    1 |    6   11 |    8 |   28
  102 |   14    8 |    9    6 |    8 |   27
  103 |    4   13 |    2   16 |    8 |   28
  104 |    8    7 |   15   12 |    8 |   28
  105 |   10    8 |    8    1 |    8 |   28
  106 |    7   13 |   11    9 |    8 |   28
  107 |    3    9 |   12   17 |    8 |   28
  108 |   13   18 |   11    1 |    8 |   28
  109 |    4    9 |    6   19 |    7 |   23
  110 |    9    2 |    4   20 |    8 |   28
  111 |   14   12 |   11   14 |    8 |   28
  112 |   20   17 |    4   13 |    8 |   28
  113 |   19    7 |    9    2 |    8 |   28
  114 |   14    1 |   17   18 |    8 |   28
  115 |    7   12 |   14    3 |    8 |   28
  116 |   11   20 |   11    4 |    8 |   28
  117 |   10   17 |   10   14 |    8 |   28
  118 |   11   13 |   10   18 |    8 |   28
  119 |    5    7 |   14   13 |    8 |   28
  120 |    6   20 |   19   10 |    8 |   28
  121 |   13   18 |    1   10 |    8 |   28
  122 |   10    7 |   14   19 |    8 |   28
  123 |   20   11 |   15   15 |    8 |   28
  124 |   15    7 |   17   16 |    8 |   28
  125 |    6    3 |   10   17 |    8 |   28
  126 |   20   11 |    3    8 |    8 |   28
  127 |   10    8 |    7    5 |    8 |   28
  128 |    1    2 |    8   16 |    4 |    8
  129 |   20    3 |   15   14 |    8 |   28
  130 |   19    7 |   13   16 |    8 |   28
  131 |   13    8 |    5    1 |    8 |   28
  132 |    4   14 |    8    6 |    8 |   28
  133 |   17   15 |    2   18 |    8 |   28
  134 |    8    4 |   15    5 |    8 |   28
  135 |   15   17 |   18   20 |    8 |   28
  136 |   11   15 |   20   17 |    8 |   28
  137 |   14   18 |   15    6 |    8 |   28
  138 |   16   15 |    9    8 |    4 |    8
  139 |    9   17 |   16    8 |    8 |   28
  140 |    9   15 |    3   10 |    8 |   28
  141 |    8    9 |   11   11 |    7 |   23
  142 |   18    3 |    5    5 |    8 |   28
  143 |    8   13 |    5    7 |    8 |   28
  144 |    3   14 |   14   11 |    8 |   28
  145 |   18   15 |   14    2 |    8 |   28
  146 |    7   14 |   13   19 |    8 |   28
  147 |    1   19 |   13   16 |    8 |   28
  148 |    1   12 |   10   13 |    8 |   28
  149 |   14   18 |   18   20 |    8 |   28
  150 |    8   16 |    8    9 |    8 |   28
  151 |   14   16 |    1   13 |    8 |   28
  152 |   11   13 |    6   15 |    8 |   28
  153 |    5   20 |   18    1 |    8 |   28
  154 |   13   19 |   19    1 |    8 |   28
  155 |    3   14 |    5   15 |    8 |   28
  156 |    6    2 |    9   13 |    8 |   27
  157 |   11    7 |   15   11 |    8 |   28
  158 |   11   13 |    9   14 |    8 |   28
  159 |    9    3 |   16    1 |    8 |   28
  160 |   18    2 |   12    8 |    8 |   28
  161 |    3    2 |    1    8 |    8 |   28
  162 |    7    1 |   20    5 |    8 |   28
  163 |    8    5 |   16    4 |    8 |   28
  164 |   19    7 |   15    9 |    8 |   28
  165 |   12    6 |   20   20 |    8 |   28
  166 |    4    6 |   10    4 |    8 |   28
  167 |   19    1 |   10   19 |    8 |   28
  168 |   13   13 |    7    3 |    8 |   28
  169 |   19    8 |    4   10 |    8 |   28
  170 |   20    4 |   19    2 |    8 |   28
  171 |   12   18 |   14   12 |    8 |   28
  172 |    3   17 |   11    1 |    8 |   28
  173 |   14   16 |    4   14 |    8 |   28
  174 |   12   15 |    5   14 |    8 |   28
  175 |    6   17 |    9   20 |    8 |   28
  176 |   18   16 |   15   14 |    8 |   28
  177 |   19    9 |   11    8 |    8 |   28
  178 |    3    9 |   15    8 |    8 |   28
  179 |   15   19 |   20   13 |    8 |   28
  180 |   11    1 |   16   11 |    8 |   28
  181 |    6   16 |    7   12 |    8 |   28
  182 |    9   11 |    9   20 |    8 |   28
  183 |    9   18 |    1   17 |    8 |   28
  184 |    7    3 |    8   14 |    8 |   28
  185 |   16   18 |    8   16 |    8 |   28
  186 |   16   15 |    1    3 |    8 |   28
  187 |   10    8 |   13    8 |    8 |   28
  188 |   10   19 |   12   16 |    8 |   28
  189 |   18   17 |   12   14 |    8 |   28
  190 |   18   11 |   12   15 |    8 |   28
  191 |    9   10 |    9    8 |    7 |   23
  192 |    4    7 |   11    4 |    8 |   28
  193 |   18    6 |    7    7 |    8 |   28
  194 |   16    9 |   19   17 |    8 |   28
  195 |   20   10 |    4    7 |    8 |   28
  196 |   10    8 |   12    6 |    8 |   27
  197 |   10    1 |   18    5 |    8 |   28
  198 |    9    2 |    2   18 |    8 |   28
  199 |   10    5 |   16    4 |    8 |   28
  200 |    1   19 |   10   16 |    8 |   28
  201 |   16   15 |   11    6 |    8 |   28
  202 |    2    9 |   16    4 |    8 |   28
  203 |    3   13 |   16    3 |    8 |   28
  204 |   19    2 |    5    5 |    8 |   28
  205 |   19   10 |    3    8 |    8 |   28
  206 |    4   18 |   14   20 |    8 |   28
  207 |   20   20 |    8   17 |    8 |   28
  208 |   13   15 |   15   10 |    8 |   28
  209 |   19   14 |   10   19 |    8 |   28
  210 |   20    2 |   20    4 |    8 |   28
  211 |    7    7 |    9    3 |    8 |   28
  212 |    6    8 |    6   18 |    8 |   28
  213 |    3    6 |    1   14 |    8 |   28
  214 |   15   20 |   16   10 |    8 |   28
  215 |    2    8 |   10   10 |    8 |   28
  216 |   15    3 |    8    9 |    8 |   28
  217 |   19    7 |   14    4 |    8 |   28
  218 |   18    8 |    5    9 |    8 |   28
  219 |    5    3 |    2    6 |    8 |   27
  220 |   10   20 |   19   10 |    8 |   28
  221 |   15    4 |   15   10 |    8 |   27
  222 |   13    9 |   17   18 |    8 |   28
  223 |   16   15 |    3   20 |    8 |   28
  224 |    2   14 |   11   20 |    8 |   28
  225 |    9    1 |    3    8 |    8 |   28
  226 |   19   19 |    1    9 |    8 |   28
  227 |   19    2 |    6   16 |    8 |   28
  228 |   17   15 |    9    6 |    8 |   28
  229 |   19   14 |   16    3 |    8 |   28
  230 |   16   12 |   14   11 |    8 |   28
  231 |   11    4 |    6   11 |    8 |   28
  232 |   14   16 |   10   13 |    8 |   28
  233 |   18    2 |   15    3 |    8 |   28
  234 |   11    9 |   11    4 |    8 |   28
  235 |   13   17 |    1   18 |    8 |   28
  236 |   15   14 |    2    7 |    8 |   28
  237 |   17   12 |   20   16 |    7 |   23
  238 |   15    2 |    7    9 |    8 |   28
  239 |   18    5 |   10   15 |    8 |   28
  240 |   16    4 |    1   20 |    8 |   28
  241 |    8    6 |   10   18 |    8 |   28
  242 |    1   18 |   14    3 |    8 |   28
  243 |    8    4 |   15    4 |    8 |   28
  244 |    5   16 |   10   17 |    8 |   28
  245 |    9   14 |   16   16 |    8 |   28
  246 |    8   15 |   18    5 |    8 |   28
  247 |   13    7 |   20   17 |    8 |   28
  248 |    5    3 |    9   14 |    8 |   28
  249 |   11   17 |    9    1 |    8 |   28
  250 |   10   10 |   19   19 |    4 |    8
  251 |   16    5 |   15   18 |    8 |   28
  252 |   16   12 |   11   18 |    8 |   28
  253 |   18   13 |   15   11 |    4 |    8
  254 |    7    8 |   19   13 |    8 |   28
  255 |    8   14 |    2   11 |    8 |   28
  256 |   16   13 |   13    5 |    8 |   28
  257 |   16    2 |    5   17 |    8 |   28
  258 |   19   11 |    4   15 |    8 |   28
  259 |    4   17 |   15    1 |    8 |   28
  260 |    5   14 |    5    3 |    8 |   28
  261 |   16    9 |   11   20 |    8 |   28
  262 |   13    3 |   11   18 |    8 |   28
  263 |   13   11 |   16   18 |    8 |   28
  264 |    2   20 |    3    8 |    8 |   28
  265 |   10    8 |    3   14 |    8 |   28
  266 |    4    4 |   15    6 |    8 |   28
  267 |   10    1 |    2   11 |    8 |   28
  268 |    2   10 |   12   12 |    8 |   28
  269 |   14    5 |    8   17 |    8 |   28
  270 |   14   19 |    6    6 |    8 |   28
  271 |    6    3 |   20   13 |    7 |   23
  272 |   20    8 |   16   19 |    8 |   28
  273 |    5    8 |   15    9 |    8 |   28
  274 |   15    9 |    1   15 |    8 |   28
  275 |   10   18 |    6    3 |    8 |   28
  276 |   15   12 |   19   10 |    8 |   28
  277 |   14    9 |   15   10 |    8 |   28
  278 |    7   13 |   16    4 |    8 |   28
  279 |    8   13 |   19   12 |    8 |   28
  280 |   19   10 |   10    1 |    8 |   28
  281 |   13    9 |    1   19 |    8 |   28
  282 |    2   20 |   16   10 |    8 |   28
  283 |    8   20 |   12    8 |    8 |   28
  284 |    7   20 |    9    5 |    8 |   28
  285 |    4    2 |   10   15 |    8 |   28
  286 |    2   19 |   12    5 |    8 |   28
  287 |    3   10 |   11   14 |    8 |   28
  288 |    6    7 |    5   18 |    8 |   28
  289 |   12   17 |   17    9 |    8 |   28
  290 |    6    9 |   16   10 |    8 |   28
  291 |   11    4 |   15    3 |    8 |   28
  292 |    5    8 |   13   18 |    8 |   28
  293 |   12    3 |   13    1 |    8 |   28
  294 |    9   18 |    4   15 |    8 |   28
  295 |   12    9 |   19   13 |    8 |   28
  296 |   12    4 |    8   16 |    8 |   28
  297 |    1   20 |   18   11 |    8 |   28
  298 |   20    8 |    3   15 |    8 |   28
  299 |   10   14 |    4    5 |    8 |   28
  300 |    2    2 |   10   16 |    8 |   28
  301 |    4    4 |    8   18 |    8 |   28
  302 |    5   13 |   15   12 |    8 |   28
  303 |   18   14 |   19    5 |    8 |   28
  304 |   14    4 |   16   20 |    8 |   28
  305 |   14    9 |    2   12 |    8 |   28
  306 |    7   15 |   15    8 |    8 |   28
  307 |   12    4 |   12   18 |    8 |   28
  308 |   12    2 |   13    9 |    8 |   28
  309 |    7    4 |   15    3 |    8 |   28
  310 |    7   20 |    1    2 |    8 |   28
  311 |   11    8 |    5   19 |    8 |   28
  312 |    7    3 |   18    7 |    8 |   28
  313 |   19    7 |    8   11 |    8 |   28
  314 |    5   20 |    1    9 |    8 |   28
  315 |    5    5 |   18    9 |    8 |   28
  316 |    6    4 |    1    5 |    8 |   28
  317 |    1   12 |    8   19 |    8 |   28
  318 |   11    1 |    6    9 |    8 |   28
  319 |    2    5 |   14   17 |    8 |   28
  320 |    4    3 |   16   15 |    4 |    8
  321 |   12   17 |   19    4 |    8 |   28
  322 |   15   17 |    8   20 |    8 |   28
  323 |    2   17 |   10   15 |    8 |   28
  324 |    1    2 |   16   13 |    8 |   28
  325 |   14    4 |   16   15 |    8 |   28
  326 |    3    3 |   11   20 |    8 |   28
  327 |    5    3 |    5    9 |    8 |   28
  328 |   20   19 |   18   11 |    8 |   28
  329 |   13   20 |   17   10 |    8 |   28
  330 |   15   17 |   20   14 |    8 |   28
  331 |    4    4 |   18    7 |    8 |   28
  332 |   14   15 |    8   14 |    8 |   28
  333 |   11   15 |   13   14 |    8 |   28
  334 |    4   11 |   14   11 |    8 |   28
  335 |    9   12 |    5   16 |    8 |   28
  336 |   14    4 |   12    5 |    8 |   28
  337 |   18    2 |   19   18 |    8 |   28
  338 |   18   11 |    4   14 |    8 |   28
  339 |   12   14 |    2   10 |    8 |   28
  340 |   20   10 |   12    4 |    8 |   28
  341 |   19   17 |    7    5 |    8 |   28
  342 |   16    8 |    4   12 |    8 |   28
  343 |   18   12 |    4    9 |    8 |   28
  344 |   19    8 |   14   18 |    8 |   28
  345 |   20   20 |   18    1 |    8 |   28
  346 |   20    9 |    1    6 |    8 |   28
  347 |    9   10 |   11   12 |    4 |    8
  348 |    1    6 |    5   19 |    8 |   28
  349 |   13    3 |    5    1 |    4 |    8
  350 |    3   17 |    7   13 |    8 |   28
  351 |   14   15 |   11    6 |    8 |   28
  352 |   12   10 |   11   19 |    8 |   28
  353 |   20    3 |    2    5 |    8 |   28
  354 |    6   20 |    2    3 |    8 |   28
  355 |    9   15 |   14   16 |    8 |   28
  356 |   20   15 |   14    9 |    8 |   28
  357 |    7   17 |    4   12 |    8 |   28
  358 |   14    4 |   10   19 |    8 |   28
  359 |   16   17 |   10    2 |    8 |   28
  360 |    8   13 |   20    2 |    8 |   28
  361 |    1    7 |   10    7 |    8 |   28
  362 |    5    9 |   10   11 |    8 |   28
  363 |    4    1 |   16   14 |    8 |   28
  364 |    6    5 |   13   18 |    8 |   27
  365 |    8   17 |   18   12 |    8 |   28
  366 |    3   13 |    2   14 |    7 |   23
  367 |    1   15 |    3   11 |    8 |   28
  368 |   19   14 |   19   13 |    7 |   23
  369 |   14   10 |    4   13 |    8 |   28
  370 |    1   11 |    6   20 |    8 |   28
  371 |   15   12 |    3   14 |    8 |   28
  372 |    4    8 |   14   19 |    8 |   28
  373 |   13   17 |    3   13 |    8 |   28
  374 |   10   11 |    8   11 |    8 |   27
  375 |    6    3 |   17    4 |    8 |   28
  376 |   17   17 |    7   12 |    8 |   28
  377 |   12    5 |    8    4 |    8 |   27
  378 |    5    9 |    7    6 |    8 |   28
  379 |   20    5 |    3    6 |    8 |   28
  380 |   16   15 |   19   19 |    7 |   23
  381 |   15   19 |   20   11 |    8 |   28
  382 |   11    5 |   15    3 |    8 |   28
  383 |   16   15 |   10    9 |    4 |    8
  384 |   19    2 |   12   17 |    8 |   28
  385 |    3   10 |   15   15 |    8 |   28
  386 |    2    2 |   12   10 |    8 |   28
  387 |    3    3 |   20   20 |    4 |    8
  388 |   17   13 |   15   19 |    8 |   28
  389 |   18    2 |   15   19 |    8 |   28
  390 |    7   11 |   20   16 |    8 |   28
  391 |   17    5 |    2   15 |    8 |   28
  392 |    4   11 |    3   17 |    8 |   28
  393 |    6    2 |    8   15 |    8 |   28
  394 |   15   17 |   17   20 |    8 |   28
  395 |    6   12 |   12   10 |    8 |   28
  396 |   13   14 |   11   20 |    8 |   28
  397 |    2   11 |    3   11 |    7 |   23
  398 |    4   18 |   13   10 |    8 |   28
  399 |    9   20 |    5   11 |    8 |   28
  400 |    3   19 |    5   12 |    8 |   28
  401 |   10   13 |    5   20 |    8 |   28
  402 |    3   10 |   18   13 |    8 |   28
  403 |   11    5 |   17    3 |    8 |   28
  404 |   14   17 |   12    1 |    8 |   28
  405 |   12   10 |    6    7 |    8 |   28
  406 |   11   16 |    7    8 |    8 |   28
  407 |    5    5 |    3   10 |    8 |   27
  408 |    4   17 |   18   17 |    8 |   28
  409 |    2   11 |   20    5 |    8 |   28
  410 |   20   13 |    5    6 |    8 |   28
  411 |    6   20 |    6   15 |    8 |   28
  412 |    2   14 |   12    8 |    8 |   28
  413 |   15   20 |   10   15 |    8 |   28
  414 |    8   18 |    8   10 |    8 |   28
  415 |   16    7 |   12   19 |    8 |   28
  416 |   15   15 |   10   13 |    8 |   28
  417 |   17   17 |   14    6 |    8 |   28
  418 |    7   20 |    5    9 |    8 |   28
  419 |    2   16 |   12   18 |    8 |   28
  420 |    4   17 |    4   10 |    8 |   28
  421 |    3    6 |    9   15 |    7 |   23
  422 |   17    5 |   14    3 |    8 |   28
  423 |    8   15 |   12    1 |    8 |   28
  424 |   14    2 |   13   17 |    8 |   28
  425 |   12    8 |   13    3 |    8 |   28
  426 |   12    8 |    1   11 |    8 |   28
  427 |    4   11 |    5    5 |    8 |   28
  428 |    2   10 |   16    5 |    8 |   28
  429 |   16   15 |   20    1 |    8 |   28
  430 |    3    1 |    9    7 |    8 |   28
  431 |    5   18 |   20   17 |    8 |   28
  432 |   14    4 |   10    8 |    8 |   28
  433 |   10    4 |    2    8 |    8 |   28
  434 |   14   20 |   15    3 |    8 |   28
  435 |    4   16 |   20   18 |    8 |   28
  436 |    1   17 |   19    8 |    8 |   28
  437 |    5   10 |   14    1 |    8 |   28
  438 |   20   12 |    8   19 |    8 |   28
  439 |   14    6 |    3   17 |    8 |   28
  440 |   12    3 |   17   18 |    8 |   28
  441 |   17   17 |   18    1 |    8 |   28
  442 |   13   16 |    2   13 |    8 |   28
  443 |   12    9 |    1   12 |    8 |   28
  444 |    3   12 |    8    4 |    8 |   28
  445 |   19   11 |    5    2 |    8 |   28
  446 |   12   18 |   11    6 |    8 |   28
  447 |   15   16 |    6    5 |    7 |   23
  448 |    3   15 |    2   10 |    4 |    8
  449 |   11   10 |   17   13 |    8 |   28
  450 |   18   16 |    9    2 |    8 |   28
  451 |    7   10 |   12    2 |    8 |   28
  452 |   11    9 |    4   12 |    8 |   28
  453 |   14   13 |   15   13 |    7 |   23
  454 |   11    6 |   16   16 |    8 |   28
  455 |   12   17 |    9    3 |    8 |   28
  456 |   14    3 |   14   20 |    8 |   28
  457 |    6   18 |   10   11 |    8 |   28
  458 |    4    3 |   11   10 |    4 |    8
  459 |   10   15 |   20   14 |    8 |   28
  460 |    6   15 |   12   15 |    8 |   28
  461 |    2   12 |   20   14 |    8 |   28
  462 |    9    2 |    3   13 |    8 |   28
  463 |   12   17 |    6    1 |    8 |   28
  464 |    5   20 |   15    2 |    8 |   28
  465 |    5    3 |    8   12 |    8 |   28
  466 |   12   13 |   19    2 |    8 |   28
  467 |   20    5 |   15   12 |    8 |   28
  468 |   12   15 |    3   19 |    8 |   28
  469 |    5   17 |   12   13 |    8 |   28
  470 |   11    9 |    8    4 |    8 |   28
  471 |    1    6 |   16   17 |    8 |   28
  472 |   13   18 |    4    9 |    8 |   28
  473 |    9   15 |    7   20 |    8 |   28
  474 |   10   16 |    7    4 |    8 |   28
  475 |    5    3 |   15    6 |    7 |   23
  476 |   15    3 |   11   12 |    8 |   28
  477 |    3   18 |   18   10 |    8 |   28
  478 |   10    6 |    6   12 |    8 |   28
  479 |   17    8 |    4    7 |    8 |   28
  480 |    5    8 |   16    1 |    8 |   28
  481 |   12   18 |   19   12 |    8 |   28
  482 |   15   18 |    5   20 |    8 |   28
  483 |    3    3 |   10   13 |    8 |   28
  484 |   16   17 |   14   14 |    7 |   23
  485 |   19    3 |    5   11 |    8 |   28
  486 |    3   15 |   15   17 |    8 |   28
  487 |   12    5 |   18   19 |    8 |   28
  488 |    6    5 |   14   17 |    8 |   28
  489 |    2    4 |   17    5 |    8 |   28
  490 |   10    6 |    6   11 |    8 |   28
  491 |    8   12 |   17   10 |    8 |   28
  492 |    3    9 |    7   18 |    7 |   23
  493 |    9    5 |   10   20 |    8 |   28
  494 |   18    3 |   17    6 |    8 |   28
  495 |   19   19 |    5    6 |    7 |   23
  496 |   20   20 |   11   19 |    8 |   28
  497 |    2    1 |    3    2 |    4 |    8
  498 |   19    9 |    7   19 |    8 |   28
  499 |   14   20 |    1   16 |    8 |   28
  500 |   18   10 |   10   16 |    8 |   28
  501 |    8   13 |   10   15 |    7 |   23
  502 |    3    2 |    6   15 |    8 |   27
  503 |   14   16 |   15    7 |    8 |   28
  504 |   11   20 |    5   11 |    7 |   19
  505 |   11   12 |   13    5 |    8 |   28
  506 |   12   17 |   18    4 |    8 |   28
  507 |   11    8 |   15    4 |    8 |   28
  508 |    9   15 |    8    5 |    8 |   28
  509 |    4    2 |   10   13 |    8 |   28
  510 |   20   14 |    8    6 |    8 |   28
  511 |   11   19 |   11    7 |    8 |   28
  512 |    6   16 |   17   15 |    8 |   28
  513 |   16   10 |   16    1 |    8 |   28
  514 |    3   13 |   17   15 |    8 |   28
  515 |    8    7 |   19   12 |    8 |   28
  516 |    2    2 |   10   16 |    8 |   28
  517 |   20   16 |   10   18 |    8 |   28
  518 |    1    4 |   14    5 |    8 |   28
  519 |    9   12 |   13   12 |    8 |   28
  520 |    2   13 |    2   19 |    8 |   28
  521 |   18    7 |   12   18 |    8 |   28
  522 |   10    3 |   13   17 |    8 |   28
  523 |   15   18 |    9   20 |    8 |   28
  524 |   20    4 |    5    4 |    8 |   28
  525 |   13   12 |   11   18 |    8 |   28
  526 |   12    5 |    7   20 |    8 |   28
  527 |   17   13 |   17    2 |    8 |   28
  528 |    2    2 |    5   11 |    7 |   22
  529 |   16   17 |   15    5 |    8 |   28
  530 |   20   17 |    5   11 |    8 |   28
  531 |   20   11 |    6   13 |    8 |   28
  532 |   20   10 |   19   11 |    7 |   23
  533 |   17   17 |   18   16 |    7 |   22
  534 |   19   10 |   16    1 |    8 |   28
  535 |   12   11 |    4   14 |    8 |   28
  536 |   19   10 |    1   20 |    8 |   28
  537 |   16    9 |   19   19 |    8 |   28
  538 |    8    2 |   19   16 |    8 |   28
  539 |    6   17 |   20   13 |    8 |   28
  540 |    5    8 |    2   19 |    8 |   28
  541 |    4    7 |    1   15 |    8 |   28
  542 |   11   14 |    5   14 |    8 |   28
  543 |    7   14 |   17   20 |    8 |   28
  544 |   16    2 |    5   17 |    8 |   28
  545 |    7   18 |   11   16 |    8 |   28
  546 |   17   13 |   11    6 |    8 |   28
  547 |   15   18 |   11   18 |    8 |   28
  548 |   12    9 |   20   16 |    7 |   23
  549 |    7    8 |    9   18 |    8 |   28
  550 |   10    8 |   10   10 |    8 |   28
  551 |    7   16 |   11   16 |    8 |   28
  552 |   12   18 |    9   10 |    8 |   28
  553 |    4   19 |   18   13 |    8 |   28
  554 |   13   12 |    5   10 |    8 |   28
  555 |    2   10 |    3   12 |    8 |   28
  556 |   15    9 |   16    7 |    8 |   28
  557 |    7   18 |    9   18 |    8 |   28
  558 |    9    5 |    4   20 |    8 |   28
  559 |   19    8 |    8    2 |    8 |   28
  560 |   17    8 |    8    2 |    8 |   28
  561 |    4   14 |   11   16 |    8 |   28
  562 |    4    5 |    1   18 |    8 |   28
  563 |    6   14 |   16   16 |    8 |   28
  564 |    7   10 |   11   10 |    8 |   28
  565 |    2    3 |   19    8 |    8 |   28
  566 |   18    2 |    6   14 |    8 |   28
  567 |    6    2 |   13   16 |    8 |   28
  568 |    6   10 |    2    1 |    8 |   28
  569 |   10   19 |   20    4 |    8 |   28
  570 |   11   10 |   15   18 |    8 |   28
  571 |   17   16 |    5   17 |    8 |   28
  572 |   15    9 |    7    4 |    8 |   28
  573 |   11    6 |   15    9 |    7 |   23
  574 |    6    1 |   11   10 |    8 |   28
  575 |   19    7 |    6   20 |    8 |   28
  576 |   13   14 |   17   11 |    8 |   28
  577 |    3   13 |    4    6 |    8 |   28
  578 |    5   16 |   11    8 |    8 |   28
  579 |    1    9 |   13    8 |    8 |   28
  580 |   15    9 |   11   10 |    8 |   28
  581 |   19   19 |    1    9 |    8 |   28
  582 |   12    8 |    2    4 |    8 |   28
  583 |   15   10 |    6   13 |    8 |   28
  584 |   17   10 |    4   10 |    8 |   28
  585 |   12   20 |    8    8 |    8 |   28
  586 |    5   16 |    5   15 |    7 |   23
  587 |   20   12 |   14   18 |    8 |   28
  588 |   16   18 |    7    8 |    8 |   28
  589 |   20    3 |   17   15 |    8 |   28
  590 |   17   12 |    3   19 |    8 |   28
  591 |    4    2 |   18   17 |    8 |   28
  592 |    7   19 |   18    5 |    8 |   28
  593 |    6   11 |   17   15 |    8 |   28
  594 |    4    7 |   19   16 |    8 |   28
  595 |    3   17 |   15    2 |    8 |   28
  596 |   15    5 |   17   14 |    8 |   28
  597 |   15   19 |    2   18 |    8 |   28
  598 |   15   10 |    1   13 |    8 |   28
  599 |    9    1 |    7   19 |    8 |   28
  600 |    3    2 |   14   12 |    8 |   28
  601 |    3   18 |    2    3 |    8 |   28
  602 |   16    2 |   10   14 |    8 |   28
  603 |    6    5 |   14   12 |    8 |   28
  604 |   13   15 |   13   13 |    8 |   28
  605 |    3   18 |    5   12 |    8 |   28
  606 |    4    6 |   18   13 |    8 |   28
  607 |   17    5 |    8    1 |    8 |   28
  608 |    1   10 |   15   18 |    8 |   28
  609 |   14   18 |   13    8 |    8 |   28
  610 |    8   15 |   12    5 |    8 |   28
  611 |    9    7 |    4    2 |    7 |   23
  612 |   14   20 |    1    8 |    8 |   28
  613 |    7    3 |    4   20 |    8 |   28
  614 |    2   15 |   20    2 |    8 |   28
  615 |    8    2 |   13   15 |    8 |   28
  616 |    8   18 |    7    2 |    8 |   28
  617 |    5   17 |   10    8 |    8 |   28
  618 |   19   11 |   19   20 |    8 |   28
  619 |   11    8 |   10    5 |    8 |   28
  620 |   17    8 |   14   10 |    8 |   28
  621 |    9    2 |   18   19 |    8 |   28
  622 |    6   14 |   18   16 |    8 |   28
  623 |    2   12 |   13   17 |    8 |   28
  624 |   11   14 |   14    5 |    8 |   28
  625 |   10   13 |    6   18 |    8 |   28
  626 |   16    8 |    8   10 |    8 |   28
  627 |    5   15 |    2   18 |    8 |   28
  628 |   14   14 |   18   17 |    7 |   23
  629 |    5   13 |    8    9 |    8 |   28
  630 |    7   11 |    3   15 |    8 |   28
  631 |   12    3 |   18    7 |    8 |   28
  632 |    2    9 |   13   20 |    8 |   28
  633 |   20    2 |    3    7 |    8 |   28
  634 |   19   18 |    7   16 |    8 |   28
  635 |    7   11 |   10    1 |    8 |   28
  636 |    7    7 |    4   16 |    8 |   28
  637 |    8   20 |    7   13 |    8 |   28
  638 |    8   18 |   11   10 |    8 |   28
  639 |   13   15 |   18   12 |    8 |   28
  640 |   10    9 |   12   17 |    8 |   28
  641 |   16   15 |    4   16 |    8 |   28
  642 |   11    7 |   12   11 |    8 |   28
  643 |   14    2 |   19    8 |    8 |   28
  644 |    5    1 |    9   18 |    8 |   28
  645 |   19   19 |   14   10 |    8 |   28
  646 |    5    7 |   11    8 |    8 |   28
  647 |   13   19 |    8   16 |    8 |   28
  648 |   18   11 |    9   16 |    8 |   28
  649 |   16   15 |    6   12 |    8 |   28
  650 |    6    5 |   18   16 |    7 |   23
  651 |    6   18 |    2   17 |    8 |   28
  652 |    2    3 |    2    1 |    7 |   23
  653 |   14    5 |    8    3 |    8 |   28
  654 |    5    1 |    7   17 |    8 |   28
  655 |   15   12 |    2   20 |    8 |   28
  656 |   20   16 |   16    1 |    8 |   28
  657 |    1   18 |   18   14 |    8 |   28
  658 |    1    1 |   17    9 |    8 |   28
  659 |   18   10 |    1   17 |    8 |   28
  660 |   14    6 |    4    4 |    8 |   28
  661 |   17    5 |    8    7 |    8 |   28
  662 |   20   17 |    9   12 |    8 |   28
  663 |    9   13 |    3   12 |    8 |   28
  664 |   13   15 |   19    8 |    8 |   28
  665 |    8   10 |    3    2 |    8 |   28
  666 |    3   13 |   13   13 |    8 |   28
  667 |   18   16 |    2    1 |    8 |   28
  668 |    6    3 |   16   14 |    8 |   28
  669 |   11   19 |    4   17 |    8 |   28
  670 |    2    8 |    7   19 |    8 |   28
  671 |   16    9 |    2    3 |    8 |   27
  672 |    9   18 |   19    2 |    8 |   28
  673 |    6   11 |    1    7 |    8 |   28
  674 |   19    5 |   13    3 |    8 |   28
  675 |   10    6 |   19    8 |    8 |   28
  676 |   19   13 |   18   11 |    8 |   28
  677 |   13    5 |    3   17 |    8 |   28
  678 |   12    2 |    4   14 |    8 |   28
  679 |    8    3 |   11   20 |    8 |   28
  680 |   20   20 |   13   11 |    8 |   28
  681 |    1    9 |   15   16 |    8 |   28
  682 |    8   12 |   18   13 |    8 |   28
  683 |   14    6 |   19   13 |    8 |   28
  684 |    3   20 |   10    8 |    8 |   28
  685 |    3    3 |    9    5 |    8 |   28
  686 |   13    5 |   13   11 |    8 |   28
  687 |   12    4 |    3    1 |    4 |    8
  688 |   10   15 |   12    9 |    8 |   28
  689 |    4    5 |    3    6 |    7 |   23
  690 |   14   15 |   18   18 |    7 |   23
  691 |   17   14 |    4    1 |    8 |   28
  692 |    3   12 |   18    3 |    8 |   28
  693 |   20   20 |   11   13 |    8 |   28
  694 |    1   10 |   14   13 |    8 |   28
  695 |    3   18 |    8   19 |    8 |   28
  696 |   17    6 |   13    6 |    8 |   28
  697 |    5    9 |   10    9 |    8 |   28
  698 |   16    5 |    3    6 |    8 |   28
  699 |   14    9 |   14   10 |    7 |   23
  700 |   16    3 |   12    9 |    8 |   28
  701 |    8   16 |   20   20 |    8 |   28
  702 |    7   15 |    4    5 |    8 |   28
  703 |   10    1 |   13   11 |    8 |   28
  704 |   20   13 |   11   15 |    8 |   28
  705 |   11   14 |   20    5 |    8 |   28
  706 |   10   11 |   20    7 |    8 |   28
  707 |   16   11 |    6   13 |    8 |   28
  708 |   11   10 |   16   19 |    8 |   28
  709 |    8   11 |   13    9 |    8 |   28
  710 |   13   12 |    4   19 |    8 |   28
  711 |    7   19 |   18    6 |    8 |   28
  712 |   18    1 |   15    7 |    8 |   28
  713 |   15   10 |    3   14 |    8 |   28
  714 |   16    5 |   10    8 |    8 |   28
  715 |    9    5 |   14   13 |    8 |   28
  716 |    3   15 |   20   16 |    8 |   28
  717 |   19   13 |   18   17 |    8 |   28
  718 |   14   18 |    2   12 |    8 |   28
  719 |   18   20 |    3    4 |    8 |   28
  720 |    8   12 |    6   20 |    8 |   28
  721 |    2   19 |   13   11 |    8 |   28
  722 |   14    4 |    1    4 |    8 |   28
  723 |    9    8 |   17   17 |    7 |   23
  724 |   18   19 |   19    8 |    8 |   28
  725 |   15   12 |   13   15 |    8 |   28
  726 |   19   17 |    5   12 |    8 |   28
  727 |    1   16 |    4   10 |    8 |   28
  728 |   14    3 |    4    5 |    8 |   28
  729 |   12   10 |   11   15 |    8 |   28
  730 |    7   17 |   16   12 |    8 |   28
  731 |   16    4 |   15   15 |    8 |   28
  732 |   11    3 |   10    2 |    8 |   28
  733 |    4    1 |   11    4 |    8 |   28
  734 |    6    8 |   17    6 |    8 |   28
  735 |   18    6 |   11   18 |    8 |   28
  736 |   14   15 |    8   13 |    8 |   28
  737 |    6    6 |   14   13 |    7 |   23
  738 |    1   20 |    7   15 |    8 |   28
  739 |   19   14 |   13    1 |    8 |   28
  740 |    7    7 |    9    3 |    8 |   28
  741 |   19    4 |   18    6 |    8 |   28
  742 |   12   11 |    7   15 |    8 |   28
  743 |    4    9 |   16   17 |    8 |   28
  744 |   11   20 |   13   20 |    8 |   28
  745 |   13   19 |    4   12 |    8 |   28
  746 |   12   15 |   20    6 |    8 |   28
  747 |   10   20 |   19    3 |    8 |   28
  748 |    5   11 |    4    8 |    7 |   23
  749 |   10    4 |    6   12 |    8 |   28
  750 |    5   17 |   13   14 |    8 |   28
  751 |   20    5 |   19   13 |    8 |   28
  752 |   14    6 |   16   18 |    8 |   28
  753 |    6   18 |    6   16 |    8 |   28
  754 |   10    5 |    6   11 |    8 |   28
  755 |   15   20 |    2   12 |    8 |   28
  756 |    1   16 |    5    7 |    8 |   28
  757 |   13   18 |   17   16 |    8 |   28
  758 |   14   16 |   14   15 |    7 |   23
  759 |   16    6 |    3   19 |    8 |   28
  760 |    1    8 |   10    2 |    8 |   28
  761 |    9    8 |   18   10 |    8 |   28
  762 |    6   15 |   19   16 |    8 |   28
  763 |   18   17 |    4   19 |    8 |   28
  764 |    4    9 |   18   12 |    8 |   28
  765 |   18    2 |   15   18 |    8 |   28
  766 |    7   14 |    4    8 |    4 |    8
  767 |   10    2 |   15    9 |    8 |   28
  768 |   12    3 |   15    4 |    8 |   28
  769 |    8    7 |   19   12 |    8 |   28
  770 |   20   14 |    6   20 |    8 |   28
  771 |    5    7 |    7    2 |    8 |   28
  772 |   19   12 |   18    9 |    8 |   28
  773 |   20   18 |    6   11 |    8 |   28
  774 |   10   10 |   19    9 |    8 |   28
  775 |   17    4 |    5   14 |    8 |   28
  776 |    2    9 |    5    5 |    8 |   28
  777 |    8    5 |   11    8 |    8 |   28
  778 |   13   16 |    5   19 |    8 |   28
  779 |    9   14 |   13   15 |    8 |   28
  780 |    3    3 |   13   17 |    8 |   28
  781 |    9   12 |   15   16 |    8 |   27
  782 |   11   19 |    1    3 |    8 |   28
  783 |   15   12 |    3   18 |    8 |   28
  784 |   13    7 |   14    7 |    7 |   23
  785 |   16    9 |   11   10 |    8 |   28
  786 |   11   18 |   19    5 |    8 |   28
  787 |   19   16 |   11    2 |    8 |   28
  788 |    2    4 |   15    1 |    8 |   28
  789 |    4    6 |   15   15 |    8 |   28
  790 |    1   14 |    7    5 |    8 |   28
  791 |   10    6 |    9    3 |    8 |   28
  792 |   12    9 |    3   12 |    8 |   28
  793 |    6    2 |   13   10 |    8 |   28
  794 |    8   14 |    3    4 |    4 |    8
  795 |    1    7 |   16    3 |    8 |   28
  796 |    5   19 |    8   17 |    8 |   28
  797 |   15    1 |    1   11 |    8 |   28
  798 |    4   14 |    5   16 |    8 |   28
  799 |    3    8 |   13    3 |    8 |   28
  800 |    4    4 |   11   12 |    7 |   23
  801 |   10    5 |   13    5 |    8 |   28
  802 |    5    3 |   17   19 |    8 |   28
  803 |    1   20 |    6   15 |    8 |   28
  804 |   12    7 |    5   14 |    8 |   28
  805 |   20   15 |    7    3 |    8 |   28
  806 |    4    5 |    4   19 |    8 |   28
  807 |   13   12 |   14   11 |    7 |   23
  808 |    5    8 |    9    3 |    8 |   28
  809 |    8   18 |   20   20 |    8 |   28
  810 |   20   10 |    1   10 |    8 |   28
  811 |    7   17 |   20   17 |    8 |   28
  812 |    7   13 |   10    2 |    8 |   28
  813 |    8   16 |   13    4 |    8 |   28
  814 |    8   16 |   20    3 |    8 |   28
  815 |   17    1 |   12   11 |    8 |   28
  816 |    5   13 |   19   14 |    8 |   28
  817 |   12   18 |    6   16 |    8 |   28
  818 |    3    1 |   19    3 |    8 |   28
  819 |    1    9 |    7    2 |    8 |   28
  820 |    2   13 |   17   10 |    8 |   28
  821 |   17   14 |   14   13 |    8 |   28
  822 |    3   18 |   18   20 |    8 |   28
  823 |    5    9 |    3   10 |    8 |   28
  824 |    3   17 |    7    5 |    8 |   28
  825 |   18   11 |   13   19 |    8 |   28
  826 |    3   10 |   14    8 |    8 |   28
  827 |    2    8 |    3   14 |    8 |   28
  828 |    4   15 |   20   20 |    8 |   28
  829 |    2   10 |    6    4 |    8 |   28
  830 |    1    5 |    1    6 |    3 |    5
  831 |   16   12 |   17   17 |    8 |   28
  832 |    9    6 |   12    5 |    8 |   28
  833 |    9    4 |    1   11 |    8 |   28
  834 |   14    9 |   17    3 |    8 |   28
  835 |    9   19 |    3   16 |    8 |   28
  836 |   15   17 |   12    2 |    8 |   28
  837 |   16   19 |    6   12 |    8 |   28
  838 |    6    9 |    4   19 |    8 |   28
  839 |    4    8 |   17    1 |    8 |   28
  840 |    2    1 |    8    2 |    8 |   28
  841 |   16   12 |   13    5 |    8 |   28
  842 |    6    2 |   18   14 |    8 |   28
  843 |    8   11 |    8   14 |    8 |   28
  844 |   11    9 |    3   19 |    8 |   28
  845 |   12    4 |   17    2 |    8 |   28
  846 |    6    8 |   17    2 |    8 |   28
  847 |   13    3 |   15   10 |    8 |   28
  848 |   10   11 |    3   18 |    8 |   28
  849 |   15    1 |   12    7 |    8 |   28
  850 |   10   19 |   10   20 |    7 |   23
  851 |    8   15 |   12   19 |    8 |   28
  852 |   16    7 |   18    8 |    8 |   28
  853 |    5    1 |   14    1 |    4 |    8
  854 |    8   18 |   12    1 |    8 |   28
  855 |   11    1 |   13   10 |    8 |   28
  856 |    4    7 |   17    8 |    8 |   28
  857 |   14   16 |    2    5 |    8 |   28
  858 |    9    3 |    2    8 |    8 |   28
  859 |   17   14 |   12   15 |    8 |   28
  860 |    3   19 |    4   17 |    8 |   28
  861 |    5   13 |    3   19 |    8 |   28
  862 |   19    2 |   14    5 |    8 |   28
  863 |    8   10 |    9   11 |    8 |   28
  864 |   13   11 |   11   15 |    8 |   28
  865 |    9    8 |    3    7 |    8 |   28
  866 |    5   19 |    4    5 |    8 |   28
  867 |    4    6 |   15   15 |    8 |   28
  868 |   11   14 |    4   18 |    8 |   28
  869 |   12    7 |   15   10 |    8 |   27
  870 |   15    9 |    4    3 |    8 |   28
  871 |    6   10 |   20    2 |    8 |   28
  872 |    7   11 |    5    3 |    8 |   28
  873 |    8   12 |   13   17 |    8 |   28
  874 |    2   10 |    9    6 |    8 |   28
  875 |    1   13 |   15   18 |    8 |   28
  876 |   18    8 |    4   15 |    8 |   28
  877 |    4    5 |    4    1 |    8 |   28
  878 |    2    8 |    5    7 |    8 |   28
  879 |   13   12 |    3   19 |    8 |   28
  880 |   19    9 |    3    1 |    4 |    8
  881 |    3    7 |   15    5 |    8 |   28
  882 |    3   11 |    4    2 |    8 |   28
  883 |   15    2 |    6   19 |    8 |   28
  884 |   14   13 |   16    1 |    8 |   28
  885 |   13   14 |    6   12 |    8 |   28
  886 |    7    6 |    9    9 |    7 |   23
  887 |   15    5 |    2   20 |    8 |   28
  888 |   20   20 |    8   10 |    8 |   28
  889 |   16   14 |   18   16 |    8 |   28
  890 |    2    3 |    9   13 |    8 |   28
  891 |    5   14 |    7   17 |    8 |   28
  892 |    8   18 |    1   13 |    8 |   28
  893 |   12   16 |   18   16 |    8 |   28
  894 |   12   19 |   17   11 |    8 |   28
  895 |   13    9 |    6    1 |    8 |   28
  896 |   11   20 |    8    1 |    8 |   28
  897 |    9    2 |   16   17 |    8 |   28
  898 |   12   19 |    8    6 |    8 |   28
  899 |    4    8 |    8    9 |    8 |   28
  900 |   18    2 |    8   19 |    8 |   28
  901 |   13   12 |    6    6 |    7 |   23
  902 |    8   19 |   11   12 |    8 |   28
  903 |   19    1 |   12   19 |    8 |   28
  904 |   19    5 |   19    7 |    8 |   28
  905 |   16   18 |   10    6 |    8 |   28
  906 |   16    2 |    3    2 |    8 |   28
  907 |    8   20 |    8    1 |    8 |   28
  908 |   17   16 |    1   11 |    8 |   28
  909 |   20    7 |    5   11 |    8 |   28
  910 |    6   11 |    2    1 |    8 |   28
  911 |    5   19 |    5    4 |    8 |   28
  912 |   17   12 |    3   12 |    8 |   28
  913 |   13   19 |    4   11 |    8 |   28
  914 |   10   11 |    5    6 |    4 |    8
  915 |   14   16 |   11    6 |    8 |   28
  916 |   18   20 |   12    8 |    8 |   28
  917 |   19    6 |   13   10 |    8 |   28
  918 |   10    5 |    6    1 |    8 |   28
  919 |   19   13 |   19    2 |    8 |   28
  920 |    6   20 |   11   20 |    8 |   27
  921 |    8   19 |    4   16 |    8 |   28
  922 |    5   11 |    3    8 |    8 |   28
  923 |   12   11 |    6    3 |    8 |   28
  924 |   11   15 |    1    9 |    8 |   28
  925 |    7    8 |    3   12 |    8 |   27
  926 |    9    4 |    1    2 |    8 |   28
  927 |   13   15 |   14    6 |    8 |   28
  928 |   14   16 |   13   12 |    8 |   28
  929 |   18   13 |    4   16 |    8 |   28
  930 |   19    8 |    6   15 |    8 |   28
  931 |    3    2 |   10    1 |    8 |   28
  932 |   11    9 |    4    3 |    8 |   28
  933 |   11    6 |   13    6 |    8 |   28
  934 |    3   18 |    3   11 |    8 |   28
  935 |   20   20 |   16    1 |    8 |   28
  936 |   14    6 |   20   14 |    8 |   28
  937 |    6    2 |    4   11 |    8 |   28
  938 |    7    7 |   14   18 |    8 |   28
  939 |   18    9 |   10   10 |    8 |   28
  940 |    8    4 |    2   13 |    8 |   28
  941 |   19   18 |   16    5 |    8 |   28
  942 |    2   12 |    1   14 |    8 |   28
  943 |    3   10 |   20   16 |    8 |   28
  944 |    7    4 |    1    7 |    8 |   28
  945 |    6   10 |    3   16 |    8 |   28
  946 |    4   10 |   13   16 |    8 |   28
  947 |   16    9 |    3   18 |    8 |   28
  948 |   13    6 |   12   13 |    8 |   28
  949 |   12    6 |   15    2 |    8 |   28
  950 |    9   15 |   15    9 |    8 |   20
  951 |    8    9 |   19    2 |    8 |   28
  952 |    5    4 |    3   12 |    8 |   28
  953 |   18   14 |   19    8 |    8 |   28
  954 |   18    2 |   13   17 |    8 |   28
  955 |   14   18 |   16   19 |    8 |   28
  956 |    8   16 |   10    3 |    8 |   28
  957 |   13    2 |   17   19 |    8 |   28
  958 |   17   19 |   20    5 |    8 |   28
  959 |    4   15 |    6    6 |    8 |   28
  960 |    7    7 |    5    2 |    8 |   28
  961 |   14    3 |   14    7 |    8 |   28
  962 |    5   20 |    9   11 |    8 |   28
  963 |    3    3 |   13   18 |    4 |    8
  964 |   13   18 |   11    9 |    8 |   28
  965 |   17   15 |    1   20 |    8 |   28
  966 |   19   17 |   14    4 |    8 |   28
  967 |   14    5 |    5   19 |    8 |   28
  968 |   19   19 |    4    4 |    4 |    8
  969 |   19    4 |   10   18 |    8 |   28
  970 |   12   14 |    9   13 |    8 |   28
  971 |   16   19 |   20   16 |    8 |   28
  972 |    2    6 |    9   13 |    8 |   28
  973 |    5   20 |   20   13 |    8 |   28
  974 |    2   13 |   11    8 |    8 |   28
  975 |    2   16 |    9   12 |    8 |   28
  976 |    1   11 |   10   10 |    8 |   28
  977 |    9   16 |    4    8 |    7 |   23
  978 |    5   10 |   15   11 |    8 |   28
  979 |    9   14 |   20    3 |    8 |   28
  980 |    7   15 |    7   14 |    7 |   23
  981 |   16   17 |   12    2 |    8 |   28
  982 |   17    6 |    3   10 |    8 |   28
  983 |   17   13 |    5   17 |    8 |   28
  984 |   19    1 |    6    7 |    8 |   28
  985 |    7    2 |    8    2 |    7 |   23
  986 |   15    2 |   12    7 |    8 |   28
  987 |    9   12 |   15   17 |    8 |   28
  988 |   13    4 |    1    8 |    8 |   28
  989 |   12   16 |   20   15 |    8 |   28
  990 |    6   16 |   19   18 |    8 |   28
  991 |   12   12 |    6    9 |    8 |   28
  992 |    3   10 |    1   13 |    8 |   28
  993 |    2    6 |   19    7 |    8 |   28
  994 |    8    8 |    7    9 |    7 |   22
  995 |   14   17 |    1    1 |    8 |   28
  996 |   16    5 |    6   20 |    8 |   28
  997 |    1    8 |    9   20 |    8 |   28
